Piece 2 3:
.*.
***
heap map
|20|19|18|17|16|15|14|13|12|11|10|9 |9 |10|10|11|12
|19|18|17|16|15|14|13|12|11|10|9 |8 |8 |9 |9 |10|11
|18|17|16|15|14|13|12|11|10|9 |8 |7 |7 |8 |8 |9 |10
|17|16|15|14|13|12|11|10|9 |8 |7 |6 |6 |7 |7 |8 |9 
|16|15|14|13|12|11|10|9 |8 |7 |6 |5 |5 |6 |6 |7 |8 
|15|14|13|12|11|10|9 |8 |7 |6 |5 |4 |4 |5 |5 |6 |7 
|14|13|12|11|10|9 |8 |7 |6 |5 |4 |3 |3 |4 |4 |5 |6 
|13|12|11|10|9 |8 |7 |6 |5 |4 |3 |2 |2 |3 |3 |4 |5 
|12|11|-3|-3|-3|7 |6 |5 |4 |3 |2 |1 |1 |2 |2 |3 |4 
|11|10|9 |8 |-3|-3|5 |4 |3 |2 |1 |-2|-2|1 |1 |2 |3 
|11|10|9 |8 |7 |6 |5 |4 |3 |2 |1 |-2|-2|-2|-2|1 |2 
|12|11|10|9 |8 |7 |6 |5 |4 |3 |2 |1 |1 |-2|-2|1 |2 
|13|12|11|10|9 |8 |7 |6 |5 |4 |3 |2 |2 |1 |-2|1 |2 
|14|13|12|11|10|9 |8 |7 |6 |5 |4 |3 |3 |2 |1 |2 |3 
|15|14|13|12|11|10|9 |8 |7 |6 |5 |4 |4 |3 |2 |3 |4 
step 0
step 1.0
after while
step 1
step 2.0
step 2
